-0.538926 -0.150755
0.256142 1.74261
0.946409 10.371
-0.605396 -0.878595
-0.0295724 2.98386
0.20426 1.1247
-0.800348 -1.74085
0.523362 3.74521
-0.987609 -1.50705
0.679373 4.03106
0.301981 2.3265
-0.498215 -0.991968
0.362529 1.56812
-0.707389 -0.713268
-0.149205 0.237729
0.425581 3.56721
-0.803217 -0.749324
0.0163274 -0.200576
-0.941588 -2.74822
-0.908567 -3.47085
-0.268044 0.433597
0.143284 1.98496
-0.91052 -3.3643
-0.868282 -0.48817
-0.1301 1.93163
0.141209 2.04282
-0.75396 -0.104753
0.260475 1.37565
0.783197 5.88548
0.0889615 3.33379
-0.561693 0.661047
0.821406 6.13506
0.379803 3.20366
-0.617542 0.984835
0.377667 2.81702
-0.176305 0.135815
0.584094 3.42714
-0.602649 0.624992
-0.070101 1.25499
0.653737 2.46698
-0.628407 -1.19547
-0.203467 3.63237
-0.933897 -1.12971
-0.350017 0.460842
-0.504257 0.0245738
0.169347 1.61715
-0.150975 -0.683879
-0.271218 -0.931564
0.842524 8.93454
-0.309183 1.55399
0.891293 8.65083
0.248207 1.9343
0.352336 2.41852
0.487411 2.48737
0.724845 5.87693
-0.702017 0.503257
0.445845 4.24238
-0.602527 0.166405
0.517136 3.78834
-0.397198 1.36276
-0.109592 1.74771
-0.185827 1.34385
0.573046 4.79474
0.225623 0.979495
0.0462966 2.54509
0.296915 1.11526
0.0591754 -0.427963
-0.739799 -0.140651
0.428877 1.28391
-0.35905 1.791
0.388226 2.90672
-0.300943 0.567808
0.524522 5.07839
-0.909238 0.0958268
-0.298563 1.49078
-0.335551 -0.727479
-0.201453 0.289742
-0.614063 1.36224
0.8858 7.07565
-0.809565 -1.75678
0.831538 7.98046
-0.674062 -0.302448
0.56389 3.90434
0.743217 6.17919
-0.478011 -0.204523
-0.457198 1.01847
-0.505722 0.178941
-0.332926 -0.245229
-0.706351 -0.876782
0.167577 0.022802
-0.180761 -1.21279
-0.256203 1.45988
-0.75689 0.890675
0.0791955 0.899853
-0.402326 1.32768
0.0527055 1.56419
-0.832759 0.448142
0.422712 2.18381
0.0606403 0.544429
0.31901 2.51859
-0.59331 -0.00319892
0.0848109 0.356275
0.0273141 -0.916959
0.938169 9.26661
0.44322 3.39876
-0.186377 1.52253
0.918332 9.8467
0.863033 6.23026
0.188391 1.52908
0.670461 3.55884
0.804376 4.74125
-0.457564 -0.377221
-0.0983612 0.254889
-0.498642 0.568065
0.927305 8.01404
0.0975677 1.2386
0.674184 6.27666
-0.884274 0.147896
-0.868282 -0.963804
-0.0760826 -0.577346
-0.583178 -1.33653
-0.140843 0.285501
-0.355876 0.0491004
-0.0924406 1.09155
0.290078 1.33985
0.268288 2.92764
-0.363384 0.543721
0.440779 4.07421
0.511704 2.4146
-0.504318 0.679542
0.0143742 1.71858
-0.572802 -1.8043
0.481979 1.14752
-0.808588 -1.94364
0.8623 6.85531
0.462203 2.01062
-0.837703 -0.992065
-0.471053 0.995782
0.989746 10.455
0.37608 0.841247
0.645253 4.87023
-0.936705 -1.75167
0.0104678 2.58318
0.329325 2.20518
0.853206 8.66912
-0.890927 -0.884316
0.395123 2.71147
-0.355327 -0.045685
0.3043 1.65885
0.324808 1.72577
-0.0663167 -0.146896
0.56621 2.73922
-0.118686 -0.371488
0.192358 1.34917
0.0459304 1.40303
-0.869381 0.587797
-0.457564 -0.656171
-0.921812 -0.883644
0.376995 3.87253
0.340617 2.43057
0.91113 10.1663
-0.435713 -0.18486
-0.884762 -1.19016
0.824763 5.20509
-0.318461 1.50258
0.735771 7.45308
-0.529221 -2.26748
-0.824946 -2.70565
0.779168 3.85038
0.113254 0.842792
-0.248878 0.271384
-0.853511 -1.35191
0.211585 0.372347
0.917722 8.38273
-0.527573 1.37853
-0.0921354 1.35695
0.548997 2.93423
-0.64629 -0.647275
0.943419 7.90563
0.530625 2.19365
-0.0294504 3.47219
-0.398846 1.53674
0.758843 7.42481
0.903867 7.9626
-0.184606 -0.566522
-0.800043 -1.83387
0.641408 3.45234
0.262307 0.766797
0.574023 2.90165
0.518357 2.97261
0.0682699 2.56842
-0.484725 0.965628
-0.740532 -1.07846
0.989319 10.1221
0.12064 -0.0310295
0.563707 4.54177
0.0946989 1.85906
-0.194983 1.35627
0.993042 9.50255
0.793146 5.59603
-0.546739 0.365765
-0.244484 1.11676
0.600452 4.75969
-0.0702841 0.414154
0.992431 9.67728
-0.100986 0.667222
0.721061 4.31086
-0.552416 -1.96687
-0.0857875 1.25133
-0.247597 -1.28267
0.110752 1.12001
-0.286172 0.838792
0.293619 1.18506
0.688406 5.40042
-0.971374 -2.16741
-0.940611 -2.14227
0.410077 2.84734
-0.77282 0.221434
0.609668 4.83334
-0.0359813 1.08785
0.0209662 1.97717
-0.0896329 0.221076
-0.477523 -0.752111
0.540574 4.03578
0.513535 4.30677
0.444014 3.19484
-0.64977 -1.18162
0.508957 3.29186
-0.126621 1.32462
0.79931 5.32682
-0.868526 -2.1278
-0.154881 1.19647
-0.593127 0.450483
0.957152 6.68481
0.498154 5.15383
-0.706473 -0.288963
0.155248 2.04679
0.985351 11.0192
-0.150548 -1.05005
0.930479 9.42807
-0.0632038 0.585923
0.134678 1.30535
0.998291 10.8678
-0.0346995 2.7801
0.956481 8.95346
0.64275 6.43232
0.727103 5.17105
-0.0318918 -0.0521284
0.918821 8.29621
0.931822 9.13986
0.692495 5.95057
0.710013 6.20782
-0.41789 -0.600155
-0.111362 1.6138
0.114109 1.25236
0.804621 7.16695
-0.30784 1.38439
0.914365 8.37022
0.686514 4.60414
0.337626 0.495731
0.231849 1.22005
-0.56914 1.61692
0.151402 0.835117
-0.327677 -0.538377
0.92468 8.05083
0.532212 3.78121
-0.0328684 2.31428
-0.381695 0.338203
-0.07004 1.0696
0.467147 2.96432
-0.486496 -0.0253675
-0.849178 0.111256
-0.33311 3.01036
0.642628 5.00579
0.269448 1.69621
-0.131382 0.578971
0.704825 6.87456
-0.16715 -1.01412
0.400433 2.03237
-0.622608 1.1595
0.657399 5.2087
-0.716117 -1.8512
-0.805963 -1.63343
0.786859 8.2054
0.0185858 -0.423109
0.399823 2.24397
-0.219886 -0.809776
0.508042 1.59519
-0.12302 2.18838
-0.301431 -0.491492
-0.425825 0.467187
-0.460555 -0.605068
-0.552965 0.54753
0.724784 6.13614
0.880428 8.3493
0.428632 1.72443
0.35374 3.71733
-0.392987 0.93001
-0.907102 -0.684217
-0.903012 -0.873717
-0.390912 0.969144
-0.0524613 -0.0856701
0.931455 9.36896
-0.284341 1.98446
0.217444 0.422015
-0.269143 -0.476499
0.150426 2.83855
-0.180334 -0.623312
-0.65331 1.21246
-0.060152 2.5393
-0.842402 -0.518145
-0.152684 1.56622
-0.995666 -1.2658
-0.43376 -0.655981
-0.018952 1.95078
0.29368 0.699155
-0.845882 -1.68396
0.703299 5.51298
-0.979919 -0.695301
0.664174 6.24946
0.212012 2.54854
0.407575 2.19553
-0.979492 -0.733032
-0.583178 -0.131773
0.858333 7.63815
-0.98175 -0.843263
0.70867 5.13922
-0.919675 -0.54223
0.103793 2.11824
-0.379315 0.795556
-0.476608 0.827521
-0.265114 -0.537732
-0.452315 0.824436
0.342021 2.70496
-0.116001 0.168056
-0.955565 0.842673
0.763604 7.05009
0.166478 0.705256
0.429731 3.21454
0.0270089 0.990466
-0.247291 1.05639
-0.0426344 0.393141
0.670095 5.30306
0.750481 6.09925
-0.599414 -0.951865
-0.625965 -0.0480541
0.48265 1.31009
-0.857967 -0.808526
-0.124912 0.635065
-0.6292 -1.12509
0.896115 7.50344
-0.901486 -0.145625
-0.0961638 0.379202
0.964721 9.33826
-0.404462 -0.377197
-0.915647 -0.302518
0.867428 9.91593
-0.038667 0.00444978
-0.411298 -0.111393
-0.593799 1.46425
0.647084 5.36945
0.324625 3.24656
0.4691 1.93847
-0.650136 -0.3541
-0.836909 -1.85266
-0.121372 -0.171681
0.714469 6.09721
0.36906 3.47266
0.54326 1.52607
-0.971007 -3.10665
0.45848 3.08392
0.511643 3.85506
-0.143956 2.23403
0.191565 0.686843
-0.828425 0.285976
0.271889 2.11857
-0.650563 -0.346642
0.615101 3.47522
-0.309427 -0.861349
-0.943846 0.62058
0.130039 2.42052
0.286599 2.73911
-0.967528 -2.75129
0.449446 4.44741
0.221412 1.42004
-0.394269 0.310683
-0.56859 1.72056
-0.530564 -0.687961
0.938841 9.70957
0.516343 3.13563
0.0357982 1.38963
-0.002472 2.40874
0.518113 4.36442
-0.2172 -0.098287
0.702872 3.97035
-0.427717 1.97013
0.935484 8.96596
0.0978729 2.47697
0.328593 0.987726
-0.266091 2.60452
0.856685 7.47315
-0.289407 -1.01243
-0.849849 -2.08069
-0.893063 -2.30033
0.652272 6.57188
0.261086 1.70479
-0.541429 0.812702
-0.59093 -0.108708
0.416974 3.03506
-0.490524 -0.237102
0.159093 1.94255
-0.427351 -0.854579
0.930357 8.76989
0.647511 5.54388
-0.383587 1.24447
0.167516 1.5745
0.496323 2.27278
0.879086 6.7862
0.22306 2.28033
-0.688345 -0.530073
-0.400678 1.21266
0.958251 9.68979
-0.872555 -1.68146
0.258217 2.12941
0.314127 4.12195
0.371624 1.6838
0.560228 3.54448
-0.154881 2.14242
0.407147 3.71526
-0.147252 0.0332466
0.194678 1.10188
-0.00399792 1.85479
-0.933409 -0.590262
-0.0841395 -0.29715
0.981017 10.1302
-0.54088 -0.577299
0.199438 1.40695
-0.90289 -2.79468
0.890072 7.20466
-0.0277413 1.39015
0.231483 1.24239
0.590075 3.40685
0.00479141 0.547791
0.0406201 2.41931
0.349651 1.77031
0.962767 8.60738
-0.60271 -1.14913
0.515976 4.45265
0.122654 -0.50034
-0.354534 -0.624236
-0.772332 -1.30767
-0.836665 0.504421
0.438337 2.02154
0.874386 8.78338
0.503952 4.1038
0.404462 2.47739
0.694876 6.3772
0.780145 5.58958
-0.0608844 0.770228
-0.576403 0.689681
0.183081 0.133882
-0.691214 -0.853013
0.343425 2.75517
0.824702 8.83458
0.598437 4.03726
-0.338176 0.785016
-0.0105899 0.693034
-0.97351 -0.964464
-0.381817 1.69149
0.943419 10.1593
-0.612842 1.12536
0.58385 4.21865
0.483932 3.02677
0.701895 6.16622
0.90698 8.80923
-0.378338 -0.162712
-0.475875 0.344412
-0.94586 -2.33311
-0.312784 -0.166372
0.570421 3.3175
0.556871 4.61819
-0.921628 0.0581465
-0.734855 -0.465929
-0.610828 1.31435
0.107639 1.24502
-0.835322 0.746837
0.36784 2.18859
-0.534837 1.21196
0.382366 2.94075
0.00979644 1.25713
0.299966 2.16635
-0.624317 -0.920437
-0.0691244 0.438982
-0.0558794 1.22563
-0.631947 0.173759
0.702017 5.96052
0.939879 8.00783
-0.721854 -1.60274
-0.223426 2.57395
-0.919858 -1.66699
-0.908383 -2.41263
-0.644154 -0.282252
-0.565966 1.09405
0.678945 6.22882
0.927732 8.57621
-0.997253 -0.7733
0.107273 0.922944
-0.710074 0.188273
0.652699 5.79236
0.0560015 0.871817
0.360637 0.952174
0.219153 0.500497
-0.681936 -0.106214
0.663625 6.35266
0.717948 6.22711
0.16654 0.558579
0.321635 2.88979
0.0415357 0.546088
-0.515793 0.119769
-0.718436 -2.35994
0.161351 1.22124
-0.625477 -1.7345
0.665761 6.5305
0.581774 4.91974
0.380474 3.98769
0.549181 3.76982
0.424543 1.60223
0.9223 10.0002
-0.358806 0.0720027
-0.593127 -0.499
-0.493942 -0.114749
0.703604 4.34906
-0.134617 0.542931
-0.796686 -2.03363
0.0768761 0.191468
0.505112 4.87364
-0.621265 -0.639118
0.963012 9.09958
0.409894 2.79233
-0.168004 1.48283
0.99646 10.1395
0.415021 0.330283
-0.145421 -0.589066
0.162755 2.1108
-0.0122379 0.618804
0.199499 1.76068
-0.469344 -0.302288
-0.515 0.000500225
-0.142857 1.0013
-0.970153 -1.54531
-0.819269 -0.691762
0.507492 3.05912
0.879086 7.67424
0.500839 3.86075
-0.378155 0.613998
-0.265358 -0.64383
-0.67571 1.06866
-0.773064 0.569601
-0.769158 -0.0715958
-0.407514 0.335105
0.315287 1.84012
-0.997436 -1.92157
-0.0961028 -0.628275
0.792779 5.73873
0.247536 3.15126
0.666921 5.30297
0.924741 8.47523
-0.877621 -1.32495
-0.284524 1.2237
0.365154 2.55762
0.181494 0.893496
-0.152989 -0.578292
0.879147 8.18542
-0.10947 0.610636
-0.831416 -1.72453
-0.0855434 0.501694
0.210059 0.914382
-0.203223 0.51273
-0.7893 -1.19779
-0.853084 0.142294
0.553575 3.87629
0.967162 10.091
-0.652333 -1.99271
0.609302 5.01105
-0.554918 -0.919499
-0.672414 0.0545339
-0.683706 0.94654
-0.660268 -0.906379
-0.382611 0.595496
-0.606922 0.316756
0.0680258 0.138657
-0.367901 0.842276
0.637379 5.28601
-0.667653 0.0245453
-0.741325 -0.412022
0.0561235 2.46882
-0.391339 -0.0253773
-0.759758 -1.34532
0.148839 -0.213937
0.403424 2.74592
-0.121189 -1.86609
-0.695608 -1.03813
-0.648671 -0.511217
-0.253395 2.14582
-0.313028 0.460874
-0.445784 -0.882748
-0.13535 1.11957
-0.20011 0.322827
-0.308634 0.173034
-0.121006 1.04362
0.827998 8.96961
0.767083 6.49855
-0.687246 1.34242
0.00308237 2.18683
0.437483 3.04771
-0.134251 1.41714
0.831599 7.41822
0.106357 1.01374
-0.540513 -0.526725
-0.285134 -0.0646789
-0.82281 -2.44002
-0.224464 -0.0608955
-0.220862 1.30449
0.773064 6.20868
0.345256 2.59633
-0.0241401 0.610631
-0.578539 -0.564484
-0.985229 -1.99543
0.382 2.5403
-0.270486 -0.975725
0.483139 3.41356
-0.966918 -0.337663
-0.127842 0.411588
0.188696 -0.195103
-0.588855 0.352082
-0.245094 -1.14056
-0.13126 2.42452
-0.209449 1.32205
0.0672323 0.787949
0.957396 8.76244
0.200903 1.01421
-0.818232 -1.34987
-0.98529 -1.22018
-0.227393 2.14504
0.0990326 0.270628
-0.399762 0.323149
-0.534593 2.43389
-0.631886 2.37935
0.0732749 1.37026
-0.598926 -1.62858
-0.675588 -0.2707
0.990478 10.0599
0.983764 9.85734
0.414838 3.57514
-0.230018 -1.88161
-0.440352 0.325012
-0.760796 -1.42416
0.825129 6.77165
-0.194128 1.01061
0.00216681 1.87273
0.0629597 0.717067
0.253334 1.04543
-0.775994 1.391
0.50914 2.45028
-0.238502 -0.0820547
-0.262001 3.65566
-0.584948 0.364001
-0.091464 -0.0692951
0.935667 9.58152
0.296121 -0.669642
0.463485 4.43879
-0.662587 -0.536427
-0.429914 -0.176562
0.753655 3.50663
-0.0342112 1.07453
-0.596667 -0.202649
-0.0607624 -0.0865717
0.533555 4.48804
0.009064 2.53953
-0.979736 -1.6531
0.267312 2.15984
0.08829 0.555311
-0.253517 2.6396
-0.890683 -2.32266
-0.920591 -1.52745
0.664052 5.30446
0.00888089 3.31473
-0.651051 1.34171
-0.817866 -1.29391
0.0846889 2.60216
-0.61211 1.83366
-0.835749 0.00825844
-0.790277 -1.38321
0.242836 4.195
0.230445 3.0559
-0.858516 2.23382
-0.32487 -0.141568
0.985229 8.13601
-0.0201727 1.89961
0.0565508 2.46922
-0.538621 0.0631697
0.0802942 1.77385
0.302713 3.39245
-0.296609 1.59272
-0.306986 1.03749
-0.0447096 2.04611
-0.561571 -0.291711
0.711478 3.71984
0.922849 8.88213
0.890255 8.69833
0.208533 0.983166
-0.46147 1.13951
0.573351 2.4304
-0.643239 -0.605948
-0.876339 -2.16065
-0.17307 2.35795
0.569323 3.03401
-0.811396 -0.892065
-0.973449 -1.23237
0.310465 1.39293
0.0992157 1.3058
0.271767 2.58088
0.706229 6.45186
0.459639 2.76896
-0.556993 1.8926
0.441755 4.09643
-0.0763268 1.15146
0.0528275 0.21047
-0.195959 -0.134378
-0.72454 1.17062
-0.715445 -2.75806
-0.139378 1.16443
-0.917722 -1.30201
-0.535203 0.000236093
-0.602893 1.30326
-0.369182 2.33674
0.526231 5.2994
0.460128 2.60244
0.752678 6.13294
0.561754 5.04876
0.201514 1.1755
0.0703452 1.0504
0.766533 5.2502
0.451704 2.68815
0.213538 2.51887
0.708182 4.21589
-0.583544 -1.93058
0.711112 7.06971
-0.379131 -0.811969
-0.0333567 1.53313
-0.0837123 0.860457
-0.574084 -0.28447
-0.0216987 -1.25297
0.215857 0.0673544
-0.138157 2.89397
-0.340861 -0.237493
-0.554247 -0.232013
0.906186 6.99428
-0.712333 0.184996
-0.821894 -1.71021
0.401715 2.37168
0.266457 2.20384
-0.928953 -2.24489
0.794916 6.80594
0.496994 5.24726
0.0839564 1.80661
0.121128 0.106948
-0.492111 -0.23061
0.0887173 0.65399
0.253945 2.23893
0.790582 6.27575
-0.368572 0.694615
-0.0102237 -0.753554
0.786248 6.43603
0.948119 10.1932
0.100986 2.49176
0.472579 3.09822
-0.043672 1.90615
0.14774 -0.455353
-0.857906 0.534697
-0.535997 1.46191
0.288675 3.33691
0.333781 2.2987
0.489853 2.11073
0.869625 9.36866
-0.940977 -4.09126
0.518357 4.10585
0.346477 3.25684
0.963744 8.77557
-0.9953 -1.33203
-0.131199 -0.901716
-0.735099 -0.272219
-0.216102 0.203028
-0.0715659 1.01706
0.643544 2.78694
0.14597 0.86723
-0.533311 0.0912634
0.884579 8.9983
-0.588305 -0.715026
0.535447 3.07391
0.462081 1.54932
-0.364849 0.166881
-0.00283822 -0.836969
0.410321 3.72901
-0.435652 -1.117
-0.937193 -2.5368
0.581042 4.09331
-0.359661 0.839367
0.697623 4.56323
-0.77221 -0.737614
0.402997 3.06711
0.312967 3.32469
0.391278 2.50343
0.757683 6.11537
0.497421 5.12498
0.109226 0.896339
0.886044 8.18066
0.25602 1.7401
-0.0982391 -0.162252
-0.0825526 1.48982
0.804926 5.50399
-0.581347 0.0815834
-0.224036 -0.206757
-0.126682 1.31854
0.329203 2.50464
0.544115 5.90723
0.868587 6.9244
-0.98706 -2.78473
0.815302 7.25453
0.125828 1.31915
0.768487 8.36985
0.726554 6.89106
-0.209693 -0.439426
-0.785394 -0.24223
0.379681 2.19573
-0.799493 0.532136
-0.735282 0.0892071
0.237526 3.05911
0.055269 2.06873
-0.964049 -3.92281
0.298318 2.13143
0.961547 8.90824
0.830134 7.47534
-0.77105 -0.218744
-0.242347 0.683384
-0.710868 -1.07335
-0.812189 0.330046
-0.296609 0.071015
0.202734 3.42374
-0.426252 0.308834
0.800836 6.5326
-0.419355 1.00596
0.8399 6.17701
0.141575 2.85971
-0.319437 -0.00748886
-0.624134 2.16882
0.478439 4.21387
0.708731 4.68441
0.17539 3.04555
0.307474 2.29601
0.428816 2.17847
-0.620472 0.972093
0.253395 0.475048
0.906858 8.04888
0.280007 1.80737
-0.0844447 0.604314
-0.492111 -2.12622
0.116977 0.503408
0.492721 2.3448
0.960204 7.01009
0.323649 2.4288
-0.933287 -1.40192
0.746879 6.75678
-0.0910978 1.24806
-0.360393 0.756506
0.70806 3.23572
-0.0194403 0.928027
-0.888852 -1.92424
-0.251686 -0.1646
-0.495651 0.977795
-0.942381 -0.298812
-0.908139 -1.82568
-0.433638 -0.818537
0.357097 3.69064
0.00186163 1.50077
0.479598 3.11964
0.816462 6.15468
0.957701 8.97594
0.734977 4.87156
-0.670156 -0.221506
0.555773 2.78979
0.753716 4.93746
-0.743889 -1.53199
-0.469955 0.169181
0.490951 4.58897
0.714591 6.90292
0.200171 0.988964
0.973937 8.19191
0.514267 1.84952
-0.913266 -0.713662
-0.287393 -0.515526
-0.806818 -0.34297
0.90112 8.2281
-0.676138 0.359794
-0.42204 0.0123338
-0.866085 -1.50482
0.60448 4.96489
-0.619495 -0.327902
0.540086 2.07106
0.764336 5.30427
0.0846889 -0.102121
0.556566 5.10642
-0.249001 0.215504
-0.79754 -0.137425
0.112217 1.12737
-0.919858 0.858345
0.286416 2.79616
-0.948607 -1.98945
0.97998 10.0194
0.61626 3.63347
-0.335185 1.64992
-0.372112 0.222196
-0.43614 0.296114
0.88818 8.89471
-0.691641 -1.53056
0.774102 6.14353
0.668203 4.6402
0.600452 3.21055
-0.117588 0.432215
-0.0620441 -0.834464
0.0935392 -0.446455
-0.150304 2.85493
0.451338 3.28136
0.211585 3.84906
-0.134556 1.46618
0.211341 1.95876
0.388714 0.375187
0.0131535 0.79641
-0.940001 -0.352629
-0.310709 1.56547
-0.0214545 1.19371
0.101535 0.488564
0.665151 5.88742
0.71691 6.11991
0.645619 4.86517
0.610218 3.10589
-0.0857265 1.13209
0.396039 2.82996
0.75164 6.9142
-0.211829 0.648407
0.530076 2.75217
-0.838374 -1.4596
-0.10361 0.832817
-0.864498 -1.50689
0.316385 3.45348
-0.940001 -1.78028
-0.340617 -0.175242
0.620899 4.6317
0.534593 5.25351
-0.17246 0.489442
-0.279336 -0.108971
0.66863 3.81572
0.503037 3.0451
-0.041963 3.29649
-0.701895 0.573373
0.602649 4.16169
-0.143284 2.39499
0.945311 9.4551
0.838801 6.63923
0.23545 1.44326
-0.0957366 1.1357
-0.110324 -0.333068
-0.0989105 1.28138
0.288369 1.69426
0.520493 2.55517
0.654836 5.34275
0.166723 2.15583
0.332072 2.8224
0.0111393 1.91091
0.763054 4.79906
-0.481918 -0.506436
-0.0664998 1.80261
0.388165 1.4151
0.216407 2.21875
0.120579 0.31607
-0.302103 0.396955
-0.507492 0.00622295
-0.56914 -0.541353
0.445357 3.48337
-0.1077 1.34128
0.402203 1.5421
0.471725 2.24379
0.171545 2.48231
-0.660878 -1.31521
-0.437422 1.58433
0.776543 6.71909
-0.0950041 0.914674
0.266335 0.664305
0.0775475 -0.926031
-0.445357 0.928047
0.650441 5.5883
-0.197729 1.1704
-0.402326 1.12236
0.0495926 0.64807
0.975158 7.87525
-0.197119 0.286334
-0.756035 -0.933079
-0.147801 0.483272
0.802179 5.39059
-0.302286 0.680094
-0.996094 -1.02263
0.452254 2.6902
-0.231056 0.452331
0.043611 2.14643
0.0380566 2.06271
0.215613 2.29149
-0.909238 -0.653759
-0.527268 -0.507651
-0.666005 -0.584426
-0.0250557 1.18135
0.864986 7.2727
0.722587 5.11782
-0.854549 -0.183145
-0.579028 0.0993202
-0.245888 -0.572005
0.435408 2.13496
0.65453 4.71967
-0.517685 1.51725
0.986328 9.92247
0.41496 3.99835
0.29313 1.38354
0.880673 7.43344
-0.391827 0.645452
-0.97235 -1.42855
0.163244 2.13254
0.0494095 1.42919
0.930662 8.75427
0.435591 2.64159
0.991394 9.10423
0.603565 3.83758
-0.897824 -1.96413
0.349162 3.73767
-0.943785 -1.35435
-0.452864 -0.032149
-0.250221 1.25298
-0.0129093 1.13685
-0.4738 0.353338
0.406842 1.25024
-0.377056 1.1051
0.930296 6.90391
-0.355022 -0.829284
0.478744 3.18267
-0.820612 -2.1233
0.558458 4.17037
0.201514 0.000961033
0.376141 0.979137
-0.950133 -2.86324
0.75573 6.38289
0.723685 6.50286
-0.93469 -4.31629
0.318766 0.889981
-0.426496 -1.9435
0.831111 6.33825
0.577136 2.36111
-0.440657 1.35788
0.538072 3.57877
-0.813715 -1.01046
-0.418012 1.07364
0.560106 3.26371
-0.710501 -1.08723
0.480941 2.65646
0.0157781 -1.10141
-0.320353 1.45583
0.241127 1.60262
-0.10593 -1.18222
-0.0562456 0.968146
0.768731 6.12312
0.945128 8.86733
-0.538499 1.69419
0.850154 8.14274
0.595508 3.81866
0.853267 7.49522
-0.207862 1.06861
0.541429 3.93365
0.712577 3.17917
0.159215 0.945999
-0.430219 1.06352
-0.149693 1.34255
0.702872 5.68329
-0.589038 -1.02901
0.277322 2.06811
0.327677 3.76794
0.741813 7.40582
-0.420576 -1.15722
0.58153 4.20612
-0.889706 -2.29913
0.413495 3.97122
-0.727653 0.655308
-0.185095 1.64903
0.152684 1.49271
-0.281533 1.97513
0.780145 5.26395
0.993408 8.91063
0.00833155 1.00979
-0.790216 -1.06805
-0.359478 0.509969
0.806024 5.91658
-0.649525 -0.032936
-0.803705 -0.0078636
-0.588733 0.938236
-0.984741 -2.42388
0.418012 3.23478
0.949339 7.54225
0.336833 0.735245
0.704764 5.30646
-0.425398 0.817862
-0.149449 0.109414
-0.403302 0.448815
-0.187719 1.51085
-0.830805 -2.9105
-0.58037 0.717447
-0.175512 1.66215
-0.614673 -1.65884
-0.115879 0.303347
0.157262 1.14447
-0.417524 1.72405
0.997131 9.77636
-0.240822 0.239467
0.142857 2.60534
0.482162 4.91832
0.759453 5.23392
-0.920591 -1.37024
-0.676748 -0.155362
0.635548 3.89072
0.372051 3.36531
-0.68688 1.01965
0.430464 2.56127
-0.872921 -1.13184
0.643239 3.88281
-0.711539 -0.0835978
0.465804 2.02808
-0.808161 0.0215757
-0.0785852 1.2186
0.795648 6.13144
-0.312113 0.893554
0.788751 6.37347
0.874508 7.26788
0.802484 6.26246
0.0421461 1.39328
0.255165 0.939721
0.0534989 1.65607
0.471053 2.18262
-0.0307321 0.663206
-0.267922 -0.0614753
-0.319926 1.37242
0.161901 -0.746385
-0.470504 -2.80074
0.0451979 1.27677
0.0929289 -0.234974
0.614917 5.22307
0.782098 6.05525
-0.268715 1.11526
0.292886 -1.17891
-0.507492 0.43343
-0.645558 0.288355
-0.103732 2.46109
-0.977355 -4.28151
-0.525376 0.800155
0.141881 2.87261
-0.407147 -0.321922
-0.180822 2.37528
-0.908933 -0.640815
-0.927427 -0.745964
-0.594592 -2.25267
0.476363 2.05181
0.480453 1.78152
-0.122959 1.69455
-0.0707724 -0.00803613
0.35551 1.79469
-0.738456 -0.934072
-0.201392 0.53577
0.831416 6.93829
-0.0194403 -0.156041
0.706412 4.35261
-0.816828 -0.756494
-0.817866 -0.483373
0.356304 1.60279
-0.59917 -0.172871
0.885495 9.66818
0.742485 6.22133
0.446699 4.98183
0.581347 3.13856
0.428327 2.91251
0.896298 8.1341
0.25071 2.55564
0.33488 2.04667
0.854549 9.25086
0.915281 8.23575
-0.08652 -0.627942
0.849727 7.51021
-0.793085 -0.314023
0.242409 3.44661
0.309977 1.43114
-0.0956145 2.6105
0.574999 3.50338
0.4832 4.10543
-0.461043 0.927905
0.782586 7.18845
0.645253 2.68981
-0.209082 0.71942
0.76458 5.97809
-0.199011 0.0236297
0.693594 4.32594
-0.665395 -0.0496012
-0.157201 1.54094
-0.361492 1.75886
-0.0444044 0.422152
0.535508 3.01926
0.171361 1.67229
-0.346904 0.510975
-0.685659 -0.187692
0.761589 4.36351
-0.801569 -0.431351
-0.625233 0.768952
-0.758782 0.27989
0.166112 0.293093
0.0307932 -0.180716
0.361858 2.10237
-0.0715659 1.82576
-0.641896 0.608293
0.575243 4.43405
0.607837 4.53985
0.550829 2.35234
0.592883 4.6249
-0.345805 0.471089
0.68688 6.77109
-0.406598 -0.565292
0.168676 2.49301
0.530625 4.06341
-0.175451 -0.530243
-0.816584 -1.0486
0.71923 4.92037
-0.71923 0.050171
-0.9176 -1.65396
-0.636708 1.22574
-0.913388 -3.14482
0.452437 3.37769
-0.156896 2.05904
-0.757073 -1.40938
0.465438 1.80338
-0.554979 -0.365035
0.783563 4.40152
0.9682 9.51944
0.502548 1.96802
0.0509354 1.41165
-0.475936 0.161684
-0.556993 0.410566
0.0422071 2.50247
0.593677 4.68033
0.14127 1.42448
-0.256325 1.82882
0.202857 -0.132593
-0.898801 0.361331
0.730949 5.94349
-0.838618 -0.585319
0.4738 4.58928
0.95294 9.1259
0.209449 0.680851
-0.188879 0.3661
-0.481796 -0.269207
-0.564806 -0.151704
0.541429 3.19586
0.744987 5.0376
-0.628407 -0.741178
0.645985 4.55283
-0.420026 -0.961943
-0.493454 2.91251
0.721732 4.94079
-0.816218 -0.775045
0.708365 4.55485
0.0643025 -0.435921
-0.0421461 0.895835
0.0597247 1.73974
0.469283 4.70802
-0.938902 0.212289
-0.322306 -0.497823
-0.730766 -1.0218
0.370464 3.2496
-0.681692 -0.968123
-0.661489 -0.474547
0.462203 1.97383
0.053621 1.77005
0.53032 2.09189
-0.259987 1.69363
0.147252 2.95673
0.0134587 -0.721635
0.0889004 0.140672
0.027253 1.09581
0.869747 8.63426
-0.944273 -2.43337
-0.0263985 1.28749
0.900327 7.77406
0.799127 5.33109
0.680837 3.66946
0.645863 4.88062
0.718497 5.28277
-0.835749 -0.793689
-0.419721 0.577463
-0.11539 0.528779
0.186682 1.13033
-0.0260323 2.13495
0.434919 2.96201
-0.498825 1.29275
0.311075 1.88336
-0.539842 1.1617
0.200049 0.598686
-0.129795 0.301413
-0.687979 1.19184
-0.31901 2.18223
0.0678426 1.11194
-0.785699 -1.05195
-0.818476 1.25356
-0.278115 0.96278
0.291665 1.48687
-0.419355 0.72988
-0.427412 1.3837
0.931516 9.36526
0.0622883 1.66018
0.446211 4.04284
-0.292093 0.364641
-0.369304 -0.129113
-0.378338 -0.00928312
-0.110935 0.28412
-0.00381481 1.05402
-0.268777 -0.760271
0.802728 6.54387
0.264382 -1.26758
0.0424512 1.03967
0.702383 4.56651
-0.81756 -0.609765
0.321085 2.40473
0.740776 6.39784
-0.677541 -1.07064
0.0359203 0.668593
0.697684 4.89284
-0.864132 -0.810342
0.653798 4.3516
-0.721793 -3.74177
0.734733 5.9331
-0.257118 1.3068
0.676382 3.32972
-0.417585 -1.43288
-0.459334 1.19096
-0.989746 -1.09875
0.020661 -0.241554
0.860836 6.63858
-0.750175 -1.60244
0.616138 4.31375
-0.765252 -0.91646
-0.703055 0.526098
-0.59154 0.650357
0.282754 2.64582
-0.975646 -2.97962
0.115757 2.08084
0.428083 1.89624
-0.200537 0.392872
-0.0970183 1.82418
0.279702 1.2882
-0.958434 -1.74202
0.938841 8.04805
0.689444 5.0444
0.298074 2.8416
-0.297708 0.846983
0.955748 9.48497
0.29136 3.80536
-0.662832 -2.10958
0.860347 6.96436
0.355754 1.83189
0.210303 3.0157
0.818476 7.14595
0.0564287 2.71885
0.620167 3.18805
0.207923 2.12164
0.693106 4.42522
0.769585 4.47699
0.576159 2.65215
0.569018 5.03099
-0.421064 1.84605
0.95526 9.68629
-0.901425 -1.26726
-0.599658 -0.337432
0.949339 8.80497
0.21366 1.23696
0.831538 7.89683
0.401898 2.25949
0.559008 4.12052
-0.476363 -0.234965
0.616321 3.98462
-0.451827 0.363357
-0.703177 0.210613
0.48088 2.95452
-0.684805 -0.145061
0.117222 3.04353
0.651357 6.59406
-0.0231025 0.795772
0.715934 4.0634
0.505051 3.74496
0.976806 10.9541
-0.741935 -0.676101
0.206336 1.71975
0.262123 1.26089
-0.25193 -0.0623999
-0.700186 -0.784099
0.906247 8.94702
0.790887 9.01444
-0.00888089 -0.100349
-0.564379 1.51127
-0.056856 -1.7574
0.139805 2.60781
0.0764489 0.739845
-0.823115 -2.20084
0.560656 3.62425
0.333903 0.683636
-0.936216 -0.753389
0.161962 1.37897
0.746147 4.79956
0.676748 4.20437
0.784845 7.11936
0.171545 2.65918
0.0654012 0.54075
-0.53679 -0.316816
0.851741 7.59613
0.148045 0.831058
-0.608142 -0.634949
-0.460067 0.797655
-0.221229 -0.180904
0.156224 1.35026
-0.781976 -0.267335
0.150609 0.440208
0.405438 2.39756
-0.777459 -1.97822
-0.763848 -2.99045
0.504074 1.95773
0.806757 8.13952
0.99176 10.4663
0.876095 7.43439
-0.497238 0.844084
0.880306 7.72648
0.136143 -0.589214
-0.512314 0.50732
-0.931455 -1.89931
-0.203894 0.020673
-0.542772 0.0416347
-0.14481 1.76618
-0.4962 1.76245
0.497421 3.32163
0.616199 3.12571
-0.268715 0.764434
0.325053 0.535575
0.439375 3.24332
0.429792 4.52826
-0.922239 -3.01095
-0.992981 -3.00788
0.754326 5.47312
-0.328349 -0.208486
-0.298502 2.85455
-0.925779 -1.11245
-0.970458 -2.10726
0.313883 1.39684
0.971435 10.2102
-0.0224921 2.98714
-0.113742 0.568136
0.147801 1.56944
0.305948 2.53969
0.193396 1.44155
0.546739 4.44319
0.721488 6.80383
0.117038 -0.0283686
-0.0161443 0.911255
-0.423017 1.61569
-0.469405 0.402193
-0.10123 1.45504
-0.746757 -2.09803
-0.00656148 -0.12331
0.401349 6.3564
-0.852168 -2.64791
0.940794 9.60842
0.919492 8.16882
-0.998413 -4.56183
-0.195959 -1.19251
-0.614612 0.255092
0.981017 9.66188
-0.581042 0.079868
-0.102695 -0.794088
0.101047 1.86402
-0.372784 0.97698
0.742607 4.92417
-0.910642 -1.37679
0.399396 3.57528
-0.434675 -0.419983
-0.4138 1.38664
-0.202185 -0.0201179
-0.7022 -2.20103
0.495102 5.6835
-0.509629 -0.258176
0.589099 3.35692
0.149998 1.41807
-0.667287 -1.42455
-0.859127 0.00472209
-0.470931 1.3069
0.436689 2.86032
-0.890072 -2.55011
0.341288 1.74623
0.177831 1.00716
0.154271 1.25262
-0.263833 1.71455
-0.323405 0.911466
-0.0834071 0.772041
-0.761956 -0.42733
0.812067 6.88898
0.806024 6.89124
-0.705985 -0.0535773
-0.541185 -0.569835
-0.319254 -1.01221
-0.677786 -0.229396
0.079928 3.59394
-0.770989 -1.76226
0.905637 7.36986
-0.8858 0.00428949
0.713187 4.14635
0.757073 4.68199
0.360149 2.51541
0.171911 0.995125
0.831477 8.18345
-0.014008 1.84506
0.119968 1.72992
0.76928 5.07446
-0.428632 0.596055
0.756157 5.70739
-0.657888 0.337753
-0.0356151 2.19113
-0.675527 0.142592
-0.373516 0.526865
-0.679495 -0.256515
-0.647145 -0.187827
-0.361126 -0.492838
0.79461 7.14209
-0.0952483 1.43177
0.0130314 2.70628
0.951964 9.76274
-0.448592 0.793105
-0.530564 0.317383
-0.420209 1.26643
0.843257 9.23418
-0.291116 -0.0719451
-0.37785 -0.296283
-0.614856 3.18446
0.49443 3.91332
-0.562548 2.19602
0.836909 7.20499
0.602527 4.98093
0.0430616 2.95733
0.951415 9.51815
0.200659 1.28165
-0.667837 0.361785
0.519272 4.86076
0.47911 3.67082
-0.538377 -0.130371
-0.433943 0.747431
-0.948851 -0.718126
-0.0433058 2.19127
0.564562 3.36659
-0.0312204 2.26957
-0.97174 -2.06174
0.880795 7.0916
0.862545 7.31514
-0.587573 1.94297
-0.0916471 0.320755
-0.240394 -0.122909
-0.808039 -0.655146
-0.796991 -0.755513
0.356914 2.55924
-0.400861 1.35535
0.998718 10.7653
0.935667 8.93798
-0.593677 -1.80911
0.861812 7.70377
-0.298807 -0.181397
-0.0841395 -0.321098
-0.678152 -0.202092
0.335246 2.3617
0.481124 1.56808
-0.914182 -0.13099
0.861873 7.10868
-0.650929 0.512873
-0.313944 0.557635
-0.609241 0.575037
0.62035 3.8937
-0.223365 0.392483
0.0332957 2.91765
-0.475204 -0.719881
-0.860652 -1.07979
-0.74102 -0.122413
0.802301 6.83745
0.993469 10.6327
-0.522141 0.679048
0.0897549 1.94547
-0.797845 0.183938
-0.570238 0.806789
0.92523 8.32712
-0.802667 -0.384505
0.103366 1.65021
0.101718 1.38293
-0.452925 1.47792
-0.338054 -1.10957
0.319193 3.7647
0.548875 2.71747
0.250465 3.61449
-0.794122 -1.12879
0.626331 4.13682
0.285012 2.07891
0.0560015 1.33429
0.0936613 0.672843
-0.289041 -0.655402
0.505234 1.2671
-0.735343 -0.473341
-0.120579 1.74179
-0.772149 -1.84684
-0.266091 1.03914
0.20658 0.719399
-0.559435 -0.313816
0.160619 0.521192
0.35197 2.35687
0.259255 1.046
-0.26719 2.13888
-0.329936 0.916256
-0.0597247 0.165779
0.823054 5.69266
-0.293924 0.583788
0.618458 6.57118
0.376995 3.29937
0.940977 9.17384
0.818232 6.77984
0.956664 8.86141
0.626514 3.63069
-0.749565 -0.947631
0.583178 5.51191
-0.837214 -0.575587
0.157262 1.60299
0.955138 10.1695
0.592456 5.35706
0.918638 9.68033
0.925596 8.34058
-0.497116 -0.636369
-0.553392 0.197862
-0.788629 1.50024
0.863948 9.11023
-0.340739 0.410165
0.0340892 -0.426238
-0.949828 -0.873815
0.810358 6.20487
-0.337809 0.62035
-0.404523 1.27925
0.981811 11.2084
-0.183325 0.732589
-0.853328 -2.06253
0.0104678 4.31872
0.595202 3.37295
0.773553 5.22946
0.526292 2.71233
0.744865 5.88912
0.20249 -0.0707383
-0.711295 -1.33573
0.519517 4.13968
-0.104831 1.55719
-0.11771 1.06137
-0.242592 -0.367922
-0.492477 -2.40093
-0.231544 -0.828639
0.0741295 0.365602
-0.438887 0.844377
-0.587634 -0.598029
0.43498 3.35957
0.911496 7.08544
-0.666799 -0.24463
-0.218787 1.08777
-0.309427 0.552369
0.480026 1.73089
0.227943 0.914926
0.765923 6.97647
0.867244 8.43883
-0.810236 -1.36757
0.13126 1.91496
0.684072 6.48828
0.928343 8.55099
0.447432 3.9838
-0.24955 0.501558
0.849971 6.86351
0.286843 2.52644
0.817316 6.12899
0.520127 3.95214
-0.637501 0.852347
0.783746 5.48571
-0.14182 0.281723
-0.737907 -1.38865
0.537339 4.32441
-0.736381 -0.0963945
0.823115 6.83625
-0.463179 -0.533491
-0.328654 1.49693
-0.813837 1.48547
0.409955 2.05974
0.623341 5.7354
-0.173132 0.110583
-0.290445 0.908974
0.750969 3.61411
0.0661336 1.53868
0.322123 1.08681
0.684439 5.79912
-0.173132 -0.421384
0.7257 4.18889
-0.382794 0.358353
0.995605 10.4543
-0.504379 -0.278898
0.270425 1.47631
0.281289 1.77745
0.68865 5.20371
-0.67925 1.46534
0.0473342 2.7992
0.729972 7.50301
0.319254 1.45951
-0.611255 -0.416857
-0.730583 -0.380213
-0.580981 -0.209981
-0.037141 2.72874
0.301859 1.53802
-0.543077 -1.0431
0.183447 1.85968
-0.678396 -2.50089
-0.465621 -1.0898
-0.930235 -0.815784
0.407514 3.70093
-0.632923 -0.556419
0.339763 1.29848
-0.73101 1.28104
0.715751 5.69507
0.954772 9.33253
0.39555 2.92648
0.744804 6.64032
-0.130711 -0.810816
0.849483 7.97557
0.374554 1.9503
0.548143 4.08706
-0.441572 1.03726
0.598315 4.63207
-0.370525 1.43558
0.864071 7.12466
0.775811 5.98922
0.688406 4.70599
-0.822504 -1.24366
0.663869 6.50971
0.460067 2.614
-0.572558 0.0718693
-0.8258 -0.622297
0.173254 1.86227
0.0958586 0.657738
0.984863 9.2908
-0.937742 -1.93232
-0.904721 -2.31029
0.959227 8.43375
0.0295724 2.25747
-0.415815 -0.102886
0.523789 2.72389
-0.306009 -1.10412
-0.59563 1.28338
0.845515 6.75696
-0.513962 0.161114
0.908506 7.99841
0.271584 1.49527
-0.383831 0.57552
0.0524003 1.41826
0.478866 4.75284
-0.830378 -0.343751
0.0580767 1.19654
-0.0514237 4.07782
0.247291 1.20815
-0.582873 0.0927894
-0.93469 -1.42466
0.61095 4.10467
-0.198157 1.19601
-0.697867 0.333379
0.405866 0.572787
-0.380963 0.116254
0.0259713 2.58002
0.493881 2.09564
0.851009 8.43818
-0.554003 -0.437734
0.105319 -1.12077
-0.88525 -2.69619
0.480758 4.03815
-0.538133 -0.438654
0.678762 5.62386
0.910398 8.15904
0.352763 1.22105
-0.871273 -0.187102
0.821284 6.82022
0.953917 8.1217
-0.27842 0.0857307
-0.675222 0.30127
-0.452803 -0.0825763
-0.676321 0.377051
-0.00350963 1.31404
-0.265542 -1.1317
-0.480575 -0.378623
-0.80871 -1.98044
-0.375042 1.14735
-0.756951 0.606647
-0.345988 2.1755
0.75634 5.25071
-0.910154 -1.11359
-0.727836 -0.323833
0.306192 0.889219
-0.533128 -0.710398
0.206458 2.0961
0.994507 9.80422
-0.273843 -0.0655849
-0.0367748 0.986105
0.908811 7.8418
0.364544 2.4117
-0.527635 0.750483
0.180395 0.499943
-0.288858 0.705386
-0.0961638 0.646191
-0.531663 0.145305
-0.950499 -1.88183
-0.966979 -1.88527
-0.822748 -0.511546
0.392438 2.60337
0.233802 2.6357
-0.425031 0.287687
0.898007 6.83076
0.08652 -1.04653
-0.662832 0.587421
0.932371 9.22629
0.599231 3.35149
-0.327738 -0.75617
-0.976623 -1.61069
0.635426 2.8676
0.809931 6.90864
0.0613117 1.62659
-0.517563 -2.07193
0.802179 6.26893
-0.32841 1.05411
0.548082 3.94639
0.68218 6.13064
0.592456 3.34423
0.934202 9.40401
0.171422 -0.502314
-0.157079 0.716692
-0.3502 0.157683
-0.731925 0.588817
-0.465621 -0.486332
0.571825 3.2268
0.719718 4.80796
-0.169164 1.93601
-0.232887 1.61432
-0.905087 -1.78537
0.63036 4.23982
0.0242012 1.07635
0.322977 1.065
0.0249336 0.457984
-0.174963 -1.43849
0.38084 2.00198
0.293558 0.307945
-0.899472 -1.02617
-0.367718 -0.805379
0.517197 3.74266
0.930967 9.10076
-0.66277 -0.214322
-0.538194 -0.792857
-0.909909 0.375498
0.0644246 -0.550637
0.0247505 1.52166
-0.886105 -0.375821
-0.304544 2.30782
0.0992767 0.960215
-0.990051 -1.72722
0.389569 2.44146
-0.355327 -1.60992
0.285134 1.33147
-0.29722 0.108717
-0.81109 -2.05213
-0.441328 1.12196
0.941282 9.16141
-0.758415 -0.886263
0.285257 1.97236
0.71514 6.85592
0.326456 4.32048
-0.742912 -0.686642
-0.0374462 0.30626
0.0871303 1.53363
-0.159032 0.806838
-0.329508 0.0880585
0.703787 4.86391
0.0112613 2.74336
0.247902 2.11027
0.964965 9.97182
-0.882687 -1.80106
0.42143 1.28238
0.601611 3.69108
-0.633229 2.3332
-0.710746 0.241591
0.587085 3.47424
0.571032 2.73829
0.374981 1.91528
0.749199 5.61144
0.292398 0.859424
-0.155858 0.673382
-0.92523 -1.52506
-0.76397 -0.852379
-0.604968 1.6002
-0.696951 -0.664545
0.6751 6.47169
-0.546739 -1.35558
-0.299417 -0.644754
-0.344646 0.730773
-0.295022 0.853828
-0.000885037 -0.544522
0.0912198 0.468443
0.210364 -0.28382
-0.691031 0.455668
-0.340007 1.82253
0.845943 7.59546
-0.513108 -0.208195
-0.923704 -0.624797
-0.744438 0.163173
0.0895108 2.17152
0.341533 1.92135
0.843867 5.53215
0.220923 1.81868
0.307657 3.80397
-0.697073 -0.795816
0.908444 6.84312
0.115452 0.951781
-0.133335 0.236214
0.801325 8.14027
0.0873135 1.34039
0.244606 2.7033
-0.526292 1.24829
-0.0206 1.67566
0.0636921 1.06513
-0.417585 0.256146
0.516892 2.75675
0.773614 6.11633
-0.545396 1.38489
0.182653 2.45311
-0.779351 1.17059
0.95172 7.96263
0.0395215 2.36734
0.265053 3.00665
-0.443648 1.68366
0.795221 5.5656
0.585986 3.22411
0.165685 1.56126
0.843196 6.55214
-0.886227 -1.7693
0.710685 4.50401
-0.662587 1.08804
0.978393 10.076
-0.720878 0.351754
0.213416 1.35052
-0.410871 -1.05949
-0.766106 -0.0315652
0.966124 9.25413
0.320963 2.51652
0.750359 6.59262
-0.442732 2.83833
0.288003 2.42464
0.27842 1.18724
-0.0506912 1.48236
0.31315 3.09557
0.0143132 0.665407
-0.273904 -0.199205
0.692068 6.67658
-0.595935 -0.396032
0.557604 3.34795
0.298807 1.55565
0.929319 8.57011
0.708304 5.13007
-0.582446 1.7085
0.885434 9.22597
0.299478 3.43753
0.770318 4.99898
-0.229957 1.2088
-0.014008 0.227319
-0.265175 -0.408409
-0.316202 -0.211444
-0.112827 0.515217
-0.395795 0.240091
-0.381329 -1.2065
-0.89697 -1.65355
0.0777917 0.347504
0.112217 0.760776
-0.31962 1.91581
-0.679189 0.552462
0.834712 4.74168
0.525864 5.35101
0.816462 6.64363
0.349956 1.26618
0.8764 6.76574
-0.372478 -0.0525357
0.0249336 0.965481
0.946837 8.60376
0.770684 7.04946
0.374126 3.52282
0.640553 5.30528
0.513291 2.12026
0.828303 7.08935
-0.972594 0.558992
-0.942076 -2.37801
-0.184729 -0.684083
0.953001 11.1546
-0.554735 1.65048
0.131077 -0.408905
-0.544969 1.12636
-0.863643 -0.514008
-0.030427 0.91696
0.435408 4.58445
0.0353099 0.981832
0.285134 1.3887
-0.64977 -0.343962
-0.418622 -0.126321
0.951537 9.09429
0.0670492 -0.532501
-0.85876 -2.05405
0.76574 5.94281
-0.248512 1.24649
-0.535081 0.267377
-0.993103 -1.00532
0.748894 6.82649
0.998047 10.6686
0.724113 6.63413
0.376385 1.38001
0.44554 2.29546
0.573595 4.5891
0.382794 3.82917
0.882199 8.51957
0.316019 1.58778
0.363567 4.49442
0.0716269 0.626921
-0.977233 -2.75456
-0.254189 0.579696
-0.744011 0.16781
0.770196 9.24305
-0.515793 -1.21454
0.601245 3.88801
-0.604602 1.9255
-0.791986 -2.04531
0.559679 5.4314
0.14774 0.566911
-0.372417 -1.43349
0.098117 2.54525
0.104587 1.7089
-0.480148 0.576173
-0.926084 -0.233318
0.889096 8.95245
-0.535875 0.0616278
0.928648 8.79253
0.771538 8.3328
0.725455 4.77068
-0.189367 0.985655
-0.20481 0.0797591
0.317423 2.74643
0.30137 1.94427
0.329081 2.40457
0.997864 9.24394
-0.545396 0.759417
0.297403 2.926
0.687368 4.48685
-0.580798 1.48732
-0.463668 0.62837
-0.91406 -2.55357
-0.770257 -0.363676
-0.017243 2.21019
0.807367 8.59025
-0.605762 0.46377
-0.670095 1.70554
-0.63628 0.33906
0.438459 3.46694
0.611621 4.05281
-0.658376 -0.0716391
0.564745 3.08627
-0.746757 0.0490932
0.429182 1.65249
0.585498 5.80281
0.541124 3.02916
0.083224 1.8827
0.498398 3.13241
0.807001 6.22363
0.065096 -0.263626
-0.311014 1.69117
-0.202673 -0.162099
-0.454207 0.613
0.0154729 3.04176
-0.81341 -0.444702
0.390973 2.01838
0.852351 7.73146
-0.719169 -0.512165
0.913694 7.51983
-0.726188 -0.493669
-0.210852 -0.910216
0.463363 3.87226
0.675832 5.52066
0.982116 8.94131
0.155675 0.894305
0.57091 2.62696
-0.691397 -0.782404
0.662465 6.0701
-0.127537 1.5565
0.884884 8.62033
0.493942 4.56479
0.28605 0.485437
-0.536485 0.92196
-0.808283 -1.59593
0.767266 5.9776
-0.306131 1.27824
0.0737022 1.20843
0.564562 4.57237
0.65453 6.04164
-0.837886 -0.25438
0.458357 2.78063
-0.116428 2.88807
0.87463 8.13852
-0.825739 -0.506765
-0.616138 -0.614191
0.282205 1.9216
0.546434 4.0939
0.0880459 -0.367707
0.875423 9.80461
0.70629 6.48046
-0.663076 -1.34888
-0.616199 0.193363
0.749565 5.79309
0.774102 7.65337
0.488449 2.8521
-0.816706 -1.75292
-0.129734 0.712084
0.125034 1.79979
0.661733 3.91983
-0.275246 -0.0721534
0.564501 3.18838
0.443525 4.28031
-0.466109 0.381451
-0.517319 0.0406709
-0.364299 -1.00496
-0.653432 -0.620824
-0.913022 -1.03398
-0.379803 -0.908664
0.412397 0.60728
0.322123 1.57152
-0.474349 0.0140473
-0.540208 -0.892811
-0.730766 0.0147598
-0.094821 1.52124
-0.238685 0.189082
0.662526 3.22797
-0.941282 -0.55426
0.280557 2.07282
-0.599719 -1.59103
0.800348 7.251
0.890011 8.65278
0.498215 4.45215
0.173193 1.10968
0.0116276 0.873563
0.693106 3.96156
0.489547 3.76556
-0.256813 -0.631203
-0.574511 -0.367248
0.00589007 0.894966
-0.927671 -1.5744
-0.168981 2.81333
-0.956542 -2.41876
-0.578784 1.58439
0.130894 0.575557
-0.406842 -0.276686
-0.234352 -0.143177
0.131199 0.826637
0.159703 2.58266
0.192541 2.59967
-0.751335 -2.35955
0.00747703 1.69465
-0.641835 0.0436814
-0.503037 0.353192
0.283609 2.07941
-0.34666 -0.971981
-0.536729 1.9504
0.844844 9.30101
-0.619434 -1.44493
0.866756 9.00042
0.507981 3.28296
0.814203 6.87934
0.248085 0.453663
0.950255 9.14594
-0.306803 -0.0965464
-0.0663778 1.20559
-0.14597 0.449066
-0.693289 -0.0321621
0.560533 4.26616
-0.728263 -1.4996
-0.242958 1.53652
-0.242592 1.44637
-0.34727 -0.0526817
0.843318 6.87157
0.393719 0.632764
-0.979797 -2.77406
0.850887 7.01241
0.768853 7.19979
-0.988647 -1.53657
0.785455 6.90547
0.573962 5.49312
-0.873714 0.249138
0.932432 10.58
-0.172887 0.332853
0.0298166 0.293796
-0.568712 1.48145
0.83813 7.25076
-0.413373 -0.675824
-0.29606 -0.91418
-0.316752 1.01919
-0.240272 2.25232
-0.333232 0.550774
0.274575 2.21717
-0.0834681 -0.247107
0.463973 2.65928
0.672903 6.21079
-0.859493 -2.37521
0.191992 2.46272
0.920408 6.91941
0.840083 5.8445
0.750114 5.40851
-0.0318918 1.94735
0.538743 4.76918
-0.117832 0.215486
-0.081698 1.55857
0.787957 6.46117
0.862667 7.52345
0.501633 2.48579
0.319742 4.19438
-0.779473 -0.589412
-0.591296 -0.0337843
0.996338 10.8601
-0.655324 -0.937555
-0.00662252 0.403873
0.336833 3.11538
-0.597949 3.48453
-0.493698 1.02035
0.253822 1.20003
0.640309 4.48334
0.607776 4.37258
-0.41435 -0.579803
0.897153 7.0726
-0.456465 -0.561645
0.880245 6.79034
-0.297098 -0.0513141
-0.10184 0.575252
-0.206824 0.727616
-0.762932 -1.27052
-0.498337 -0.43266
-0.415448 1.53972
0.532395 2.57388
0.105014 1.53844
-0.366008 -1.22989
0.788812 4.28813
0.443892 3.61769
0.699942 5.14346
-0.266152 0.946083
-0.183142 0.62037
0.850337 7.5727
-0.431928 0.439696
-0.933714 -2.45487
-0.829524 -0.619465
-0.540757 1.82442
-0.275674 1.14385
-0.960204 -1.93888
-0.0389111 1.88876
0.439985 2.45529
0.825739 6.40308
-0.230323 1.47565
0.952391 9.16619
-0.480148 -1.8633
-0.182226 -1.69591
-0.12064 0.560736
0.169652 1.85413
-0.211829 1.98359
0.491012 2.80032
-0.272011 -1.04837
0.0125431 0.434889
0.893551 7.92214
-0.615406 0.549025
-0.749199 -0.530253
-0.190039 1.26212
-0.675649 0.694365
0.47618 3.14211
0.600452 4.32648
0.752861 5.18169
0.458419 3.04515
0.0930509 0.643096
0.776666 4.3782
-0.855708 -0.535527
0.0690634 0.556873
0.484787 2.36737
0.431867 2.89322
0.903378 10.2284
-0.0231025 0.638781
-0.507614 -0.585101
0.0396435 1.78204
-0.740532 -1.42358
-0.467635 2.56477
0.753655 5.82359
-0.385723 1.2409
0.577319 3.86588
-0.381085 0.502758
-0.119785 1.08503
-0.831416 -1.84126
0.246315 2.37082
0.8623 9.30622
-0.954588 0.0412775
0.0975066 -0.306602
-0.42436 -0.164532
0.735099 5.444
-0.58037 1.38726
0.674612 3.82656
-0.370525 -0.520702
-0.757012 1.13722
-0.109531 -0.477487
-0.149937 -2.02873
0.941832 8.91686
-0.119419 0.945204
-0.493698 1.76481
0.536424 2.6482
-0.952757 -1.17971
-0.45616 0.221898
0.0792566 1.53707
0.570299 3.91679
0.766289 5.10188
0.088168 2.65055
0.386029 2.20692
0.537095 3.07361
-0.818903 -2.61008
-0.782891 -1.44502
0.404279 2.81463
0.647206 4.11739
0.241371 1.87732
-0.608081 0.237691
-0.97882 0.522504
-0.150548 1.11626
0.935362 8.87383
0.447066 2.17231
-0.347514 1.89005
-0.628651 -0.537155
-0.0341502 1.09996
0.600757 4.17887
-0.791192 -0.323595
-0.127964 1.73008
0.866939 6.80721
-0.452315 0.759385
0.847591 9.02213
0.396039 4.21061
0.499741 2.39379
0.321268 2.56597
-0.0528886 1.42589
0.315409 0.821726
0.865047 7.44534
-0.387982 1.94743
-0.258339 0.283055
0.447798 3.02852
-0.831111 0.123862
-0.768059 0.420308
0.0530717 0.886881
0.537584 3.09431
0.0808435 1.52193
0.409711 0.634022
-0.441816 -0.0837403
-0.712333 -0.66581
-0.880245 -2.42802
-0.393902 3.65377
-0.970763 -2.28556
0.130284 2.26233
-0.892758 -2.01724
-0.463912 0.693416
-0.0165105 1.35298
0.922239 7.17722
0.624012 4.04878
0.0855434 1.10786
0.181372 2.45585
0.754936 7.19351
0.408368 4.61597
0.810236 5.57676
0.409284 2.25932
0.0640584 3.54307
0.633168 4.36595
-0.296243 1.98041
-0.0147404 1.94169
-0.771722 -1.15379
0.999451 9.87797
-0.0765099 1.49747
-0.575243 -1.43837
-0.156774 1.60657
0.583483 4.16581
-0.840266 -0.60708
-0.295938 0.763255
-0.141209 -0.349601
-0.623768 0.737191
-0.661855 -0.647912
0.558885 4.87332
0.767815 5.27442
0.450484 3.15286
-0.659047 -1.52757
-0.744499 -0.724089
0.032136 1.18624
0.695181 4.97115
0.435591 2.55239
0.272378 2.01995
0.935118 8.4303
-0.946409 -1.53483
-0.902707 -0.382755
-0.67101 0.253746
-0.952818 -1.73158
0.202673 0.720384
0.914731 8.43752
